00490010
00490025
00490053
00490060
00490133
00490155
00490167
00490186
00490308
00490386
00490412
00490486
00490716
00490786
00490787
00490821
00490839
00490915
00490942
00490954
00490985
00491007
00491008
00491048
00491051
00491084
00491215
00491250
00491310
00491459
00491463
00491480
00491548
00491593
00491644
00491674
00491689
00491741
00491766
00491780
00491987
00492000
00492032
00492045
00492047
00492050
00492077
00492127
00492175
00492209
00492223
00492226
00492244
00492254
00492258
00492267
00492279
00492297
00492304
00492314
00492315
00492355
00492428
00492443
00492444
00492449
00492461
00492486
00492506
00492508
00492532
00492556
00492607
