00300003
00300009
00300062
00300064
00300076
00300077
00300088
00300115
00300185
00300201
00300208
00300404
00300407
00300491
00300510
00300576
00300591
00300593
00300594
00300600
00300672
00300806
00300952
00301019
00301026
00301027
00301123
00301145
00301183
00301197
00301199
00301217
00301218
00301297
00309719
00309769
00309770
00309771
00309786
00309804
00309805
00309820
00309861
00309864
00309866
00309889
00309890
00309891
00309894
00309904
00309906
00309942
00309944
00309945
00309954
00309966
00309975
00309979
