00770061
00770075
00770078
00770100
00770276
00770305
00770327
00770329
00770437
00770457
00770481
00770545
00770628
00770689
00770708
00770881
00770892
00770910
00770944
00770958
00771005
00771017
00771147
00771213
00771236
00771239
00771240
00771241
00771341
00771350
00771354
00771375
00771400
00771411
00771511
00771529
00771530
00771546
00771559
00771636
00771644
00771655
00771656
00771684
00771704
00771716
00771761
00771762
00771774
00771780
00771781
00771783
00771784
00771803
00771804
00771884
00771885
00771890
00771920
00771959
00771962
00771966
00771987
00772031
00772092
00772225
00772234
00772235
00772268
00772290
00772356
00772382
00772399
00772410
00772428
00772446
00772467
00772469
00772482
00772484
00772506
00772509
00772517
00772524
00772564
00772593
00772632
00772669
00772682
00772760
00772776
