00200000
00200004
00200005
00200006
00200011
00200019
00200023
00200024
00200034
00200049
00200052
00200054
00200078
00200107
00200110
00200130
00200138
00200156
00200176
00200179
00200192
00200200
00200210
00200221
00200258
00200260
00200261
00200266
00200275
00200279
00200280
00200283
00200290
00200294
00200295
00200297
00200301
00200303
00200306
00200312
00200315
00200343
00200354
00200355
00200362
00200363
00200394
00200404
00200409
00200438
00200441
00200451
00200468
00200481
00200495
00200499
00200544
00200546
00200595
00200601
00200653
00200680
00200689
00200702
00200759
00200761
00200777
00200825
00200830
00200833
00200897
00200905
00200913
00200917
00200925
00200963
00201042
00201044
00201050
00201057
00201079
00201153
00201160
00201191
00201298    不要用另外的草图线作为旋转轴
00201422    hole
00201423    hole
00201449    hole
00201459    误差
00201473    不要用另外的草图线作为旋转轴
00201518    不要用另外的草图线作为旋转轴
00201534    不明
00201572    bounding box
00201574    hole，草图反向
00201643    误差
00201701    不要用另外的草图线作为旋转轴
00201705    没有bounding box
00201801    不明
00201888    没有bounding box

