00400000
00400003
00400028
00400033
00400034
00400038
00400039
00400048
00400049
00400052
00400053
00400059
00400063
00400064
00400074
00400078
00400083
00400085
00400094
00400106
00400111
00400113
00400115
00400117
00400119
00400120
00400121
00400124
00400144
00400154
00400155
00400167
00400170
00400172
00400187
00400192
00400206
00400208
00400213
00400215
00400224
00400226
00400228
00400230
00400235
00400237
00400260
00400266
00400267
00400269
00400270
00400272
00400273
00400282
00400283
00400284
00400285
00400288
00400289
00400296
00400306
00400307
