00100001
001000104
00100011
001000113
001000117
00100012
001000122
001000129
00100013
001000134
00100015
00100016
001000169
001000185   草图反向
001000189
001000194
001000195
001000197
001000201
001000202
001000204
001000209
001000219
001000224
001000229
001000231
001000237
001000238
001000244
001000252
00100027
001000285
001000292
001000295
00100030
001000301
001000303
001000314
00100032
001000323
001000328
001000331
001000342
001000344
001000374
00100038
00100041
00100042
00100043
00100044
00100046
00100047
00100048
00100052
00100053
00100060
00100064
00100073
00100074
00100075
00100081
00100084
00100087
00100092
00100097
00100098
00100099
